{
 "cells": [
  {
   "cell_type": "markdown",
   "metadata": {},
   "source": [
    "# getting started with numpy"
   ]
  },
  {
   "cell_type": "markdown",
   "metadata": {},
   "source": [
    "**Aditional resources:**\n",
    "\n",
    "* Python Data Science Handbook: https://jakevdp.github.io/PythonDataScienceHandbook/\n",
    "* Numpy quickstart tutorial: https://numpy.org/doc/stable/user/quickstart.html"
   ]
  },
  {
   "cell_type": "markdown",
   "metadata": {},
   "source": [
    "<img src = \"https://images-cdn.9gag.com/photo/aXYdEYV_460s.jpg\">"
   ]
  },
  {
   "cell_type": "markdown",
   "metadata": {},
   "source": [
    "# libraries"
   ]
  },
  {
   "cell_type": "code",
   "execution_count": 1,
   "metadata": {},
   "outputs": [
    {
     "name": "stderr",
     "output_type": "stream",
     "text": [
      "/Users/manuel/opt/anaconda3/lib/python3.7/site-packages/statsmodels/tools/_testing.py:19: FutureWarning: pandas.util.testing is deprecated. Use the functions in the public API at pandas.testing instead.\n",
      "  import pandas.util.testing as tm\n"
     ]
    }
   ],
   "source": [
    "import numpy\n",
    "\n",
    "import seaborn\n",
    "import matplotlib.pyplot as plt\n",
    "\n",
    "import time\n",
    "import sys\n",
    "import os"
   ]
  },
  {
   "cell_type": "code",
   "execution_count": 2,
   "metadata": {},
   "outputs": [
    {
     "data": {
      "text/plain": [
       "'1.17.2'"
      ]
     },
     "execution_count": 2,
     "metadata": {},
     "output_type": "execute_result"
    }
   ],
   "source": [
    "numpy.__version__"
   ]
  },
  {
   "cell_type": "markdown",
   "metadata": {},
   "source": [
    "# python lists and numpy arrays"
   ]
  },
  {
   "cell_type": "code",
   "execution_count": 3,
   "metadata": {},
   "outputs": [],
   "source": [
    "python_list = [56,  69,  88,  67, 113,  96,  73,  83, 172, 173]\n",
    "\n",
    "numpy_array = numpy.array(python_list)\n",
    "\n",
    "numpy_array_float = numpy.array(python_list, dtype = 'float')"
   ]
  },
  {
   "cell_type": "code",
   "execution_count": 4,
   "metadata": {},
   "outputs": [
    {
     "data": {
      "text/plain": [
       "[56, 69, 88, 67, 113, 96, 73, 83, 172, 173]"
      ]
     },
     "execution_count": 4,
     "metadata": {},
     "output_type": "execute_result"
    }
   ],
   "source": [
    "python_list"
   ]
  },
  {
   "cell_type": "code",
   "execution_count": 5,
   "metadata": {},
   "outputs": [
    {
     "data": {
      "text/plain": [
       "array([ 56,  69,  88,  67, 113,  96,  73,  83, 172, 173])"
      ]
     },
     "execution_count": 5,
     "metadata": {},
     "output_type": "execute_result"
    }
   ],
   "source": [
    "numpy_array"
   ]
  },
  {
   "cell_type": "code",
   "execution_count": 6,
   "metadata": {},
   "outputs": [
    {
     "data": {
      "text/plain": [
       "array([ 56.,  69.,  88.,  67., 113.,  96.,  73.,  83., 172., 173.])"
      ]
     },
     "execution_count": 6,
     "metadata": {},
     "output_type": "execute_result"
    }
   ],
   "source": [
    "numpy_array_float"
   ]
  },
  {
   "cell_type": "code",
   "execution_count": 7,
   "metadata": {},
   "outputs": [
    {
     "data": {
      "text/plain": [
       "list"
      ]
     },
     "execution_count": 7,
     "metadata": {},
     "output_type": "execute_result"
    }
   ],
   "source": [
    "type(python_list)"
   ]
  },
  {
   "cell_type": "code",
   "execution_count": 8,
   "metadata": {},
   "outputs": [
    {
     "data": {
      "text/plain": [
       "(numpy.ndarray, numpy.ndarray)"
      ]
     },
     "execution_count": 8,
     "metadata": {},
     "output_type": "execute_result"
    }
   ],
   "source": [
    "type(numpy_array), type(numpy_array_float)"
   ]
  },
  {
   "cell_type": "markdown",
   "metadata": {},
   "source": [
    "*First element of each collection*"
   ]
  },
  {
   "cell_type": "code",
   "execution_count": 9,
   "metadata": {},
   "outputs": [
    {
     "data": {
      "text/plain": [
       "(56, 56, 56.0)"
      ]
     },
     "execution_count": 9,
     "metadata": {},
     "output_type": "execute_result"
    }
   ],
   "source": [
    "python_list[0], numpy_array[0], numpy_array_float[0]"
   ]
  },
  {
   "cell_type": "code",
   "execution_count": 10,
   "metadata": {},
   "outputs": [
    {
     "data": {
      "text/plain": [
       "(int, numpy.int64, numpy.float64)"
      ]
     },
     "execution_count": 10,
     "metadata": {},
     "output_type": "execute_result"
    }
   ],
   "source": [
    "type(python_list[0]), type(numpy_array[0]), type(numpy_array_float[0])"
   ]
  },
  {
   "cell_type": "markdown",
   "metadata": {},
   "source": [
    "*Sum of elements*"
   ]
  },
  {
   "cell_type": "code",
   "execution_count": 11,
   "metadata": {},
   "outputs": [
    {
     "data": {
      "text/plain": [
       "(990, 990, 990)"
      ]
     },
     "execution_count": 11,
     "metadata": {},
     "output_type": "execute_result"
    }
   ],
   "source": [
    "sum(python_list), sum(numpy_array), numpy.sum(numpy_array)"
   ]
  },
  {
   "cell_type": "markdown",
   "metadata": {},
   "source": [
    "*Minimum and maximum*"
   ]
  },
  {
   "cell_type": "code",
   "execution_count": 12,
   "metadata": {},
   "outputs": [
    {
     "data": {
      "text/plain": [
       "(56, 56, 56)"
      ]
     },
     "execution_count": 12,
     "metadata": {},
     "output_type": "execute_result"
    }
   ],
   "source": [
    "min(python_list), numpy.min(numpy_array), numpy_array.min()"
   ]
  },
  {
   "cell_type": "markdown",
   "metadata": {},
   "source": [
    "# simple operations"
   ]
  },
  {
   "cell_type": "markdown",
   "metadata": {},
   "source": [
    "*Reciprocate: 1/n for every item*"
   ]
  },
  {
   "cell_type": "code",
   "execution_count": 13,
   "metadata": {},
   "outputs": [
    {
     "data": {
      "text/plain": [
       "[0.017857142857142856,\n",
       " 0.014492753623188406,\n",
       " 0.011363636363636364,\n",
       " 0.014925373134328358,\n",
       " 0.008849557522123894,\n",
       " 0.010416666666666666,\n",
       " 0.0136986301369863,\n",
       " 0.012048192771084338,\n",
       " 0.005813953488372093,\n",
       " 0.005780346820809248]"
      ]
     },
     "execution_count": 13,
     "metadata": {},
     "output_type": "execute_result"
    }
   ],
   "source": [
    "rec_python_list = []\n",
    "\n",
    "for value in python_list:\n",
    "    rec_python_list.append( 1 / value)\n",
    "    \n",
    "rec_python_list"
   ]
  },
  {
   "cell_type": "code",
   "execution_count": 14,
   "metadata": {},
   "outputs": [
    {
     "data": {
      "text/plain": [
       "[0.017857142857142856,\n",
       " 0.014492753623188406,\n",
       " 0.011363636363636364,\n",
       " 0.014925373134328358,\n",
       " 0.008849557522123894,\n",
       " 0.010416666666666666,\n",
       " 0.0136986301369863,\n",
       " 0.012048192771084338,\n",
       " 0.005813953488372093,\n",
       " 0.005780346820809248]"
      ]
     },
     "execution_count": 14,
     "metadata": {},
     "output_type": "execute_result"
    }
   ],
   "source": [
    "[1/value for value in python_list]"
   ]
  },
  {
   "cell_type": "code",
   "execution_count": 15,
   "metadata": {},
   "outputs": [],
   "source": [
    "# 1 / python_list"
   ]
  },
  {
   "cell_type": "markdown",
   "metadata": {},
   "source": [
    "However, numpy arrays allow for this kind of behaviour"
   ]
  },
  {
   "cell_type": "code",
   "execution_count": 16,
   "metadata": {},
   "outputs": [
    {
     "data": {
      "text/plain": [
       "array([ 56,  69,  88,  67, 113,  96,  73,  83, 172, 173])"
      ]
     },
     "execution_count": 16,
     "metadata": {},
     "output_type": "execute_result"
    }
   ],
   "source": [
    "numpy_array"
   ]
  },
  {
   "cell_type": "code",
   "execution_count": 17,
   "metadata": {},
   "outputs": [
    {
     "data": {
      "text/plain": [
       "array([0.01785714, 0.01449275, 0.01136364, 0.01492537, 0.00884956,\n",
       "       0.01041667, 0.01369863, 0.01204819, 0.00581395, 0.00578035])"
      ]
     },
     "execution_count": 17,
     "metadata": {},
     "output_type": "execute_result"
    }
   ],
   "source": [
    "1 / numpy_array"
   ]
  },
  {
   "cell_type": "markdown",
   "metadata": {},
   "source": [
    "*Adding two lists and numpy arrays*"
   ]
  },
  {
   "cell_type": "code",
   "execution_count": 18,
   "metadata": {},
   "outputs": [
    {
     "data": {
      "text/plain": [
       "[1, 2, 3, 4, 5, 10, 20, 30, 40, 50]"
      ]
     },
     "execution_count": 18,
     "metadata": {},
     "output_type": "execute_result"
    }
   ],
   "source": [
    "a = [1,2,3,4,5]\n",
    "b = [10,20,30,40,50]\n",
    "\n",
    "a + b"
   ]
  },
  {
   "cell_type": "code",
   "execution_count": 19,
   "metadata": {},
   "outputs": [
    {
     "data": {
      "text/plain": [
       "array([11, 22, 33, 44, 55])"
      ]
     },
     "execution_count": 19,
     "metadata": {},
     "output_type": "execute_result"
    }
   ],
   "source": [
    "a = numpy.array([1,2,3,4,5])\n",
    "b = numpy.array([10,20,30,40,50])\n",
    "\n",
    "a + b"
   ]
  },
  {
   "cell_type": "markdown",
   "metadata": {},
   "source": [
    "*Multiplication*"
   ]
  },
  {
   "cell_type": "code",
   "execution_count": 20,
   "metadata": {},
   "outputs": [
    {
     "name": "stdout",
     "output_type": "stream",
     "text": [
      "[56, 69, 88, 67, 113, 96, 73, 83, 172, 173]\n",
      "[56, 69, 88, 67, 113, 96, 73, 83, 172, 173, 56, 69, 88, 67, 113, 96, 73, 83, 172, 173]\n"
     ]
    }
   ],
   "source": [
    "print(python_list)\n",
    "\n",
    "print(python_list * 2)"
   ]
  },
  {
   "cell_type": "code",
   "execution_count": 21,
   "metadata": {},
   "outputs": [
    {
     "name": "stdout",
     "output_type": "stream",
     "text": [
      "[ 56  69  88  67 113  96  73  83 172 173]\n",
      "[112 138 176 134 226 192 146 166 344 346]\n"
     ]
    }
   ],
   "source": [
    "print(numpy_array)\n",
    "print(numpy_array * 2)"
   ]
  },
  {
   "cell_type": "markdown",
   "metadata": {},
   "source": [
    "# more complicated operations"
   ]
  },
  {
   "cell_type": "markdown",
   "metadata": {},
   "source": [
    "*Sigmoid function*\n",
    "\\begin{equation*}\n",
    "\\frac{1}{(1+e^{-x})}\n",
    "\\end{equation*}"
   ]
  },
  {
   "cell_type": "code",
   "execution_count": 22,
   "metadata": {},
   "outputs": [
    {
     "data": {
      "text/plain": [
       "array([[0, 1, 2, 3, 4, 5, 6, 7, 8, 9]])"
      ]
     },
     "execution_count": 22,
     "metadata": {},
     "output_type": "execute_result"
    }
   ],
   "source": [
    "numpy_array = numpy.array([range(10)])\n",
    "numpy_array"
   ]
  },
  {
   "cell_type": "code",
   "execution_count": 23,
   "metadata": {},
   "outputs": [
    {
     "data": {
      "text/plain": [
       "2.718281828459045"
      ]
     },
     "execution_count": 23,
     "metadata": {},
     "output_type": "execute_result"
    }
   ],
   "source": [
    "numpy.exp(1)"
   ]
  },
  {
   "cell_type": "code",
   "execution_count": 24,
   "metadata": {},
   "outputs": [
    {
     "data": {
      "text/plain": [
       "array([[1.00000000e+00, 3.67879441e-01, 1.35335283e-01, 4.97870684e-02,\n",
       "        1.83156389e-02, 6.73794700e-03, 2.47875218e-03, 9.11881966e-04,\n",
       "        3.35462628e-04, 1.23409804e-04]])"
      ]
     },
     "execution_count": 24,
     "metadata": {},
     "output_type": "execute_result"
    }
   ],
   "source": [
    "numpy.exp(-numpy_array)"
   ]
  },
  {
   "cell_type": "code",
   "execution_count": 25,
   "metadata": {},
   "outputs": [
    {
     "data": {
      "text/plain": [
       "array([[0.5       , 0.73105858, 0.88079708, 0.95257413, 0.98201379,\n",
       "        0.99330715, 0.99752738, 0.99908895, 0.99966465, 0.99987661]])"
      ]
     },
     "execution_count": 25,
     "metadata": {},
     "output_type": "execute_result"
    }
   ],
   "source": [
    "sigmoid = 1 / (1 + numpy.exp(-numpy_array))\n",
    "sigmoid"
   ]
  },
  {
   "cell_type": "markdown",
   "metadata": {},
   "source": [
    "# multidimensional arrays"
   ]
  },
  {
   "cell_type": "code",
   "execution_count": 26,
   "metadata": {},
   "outputs": [
    {
     "data": {
      "text/plain": [
       "array([[ 0,  1,  2,  3,  4],\n",
       "       [ 5,  6,  7,  8,  9],\n",
       "       [10, 11, 12, 13, 14],\n",
       "       [15, 16, 17, 18, 19],\n",
       "       [20, 21, 22, 23, 24],\n",
       "       [25, 26, 27, 28, 29],\n",
       "       [30, 31, 32, 33, 34],\n",
       "       [35, 36, 37, 38, 39],\n",
       "       [40, 41, 42, 43, 44],\n",
       "       [45, 46, 47, 48, 49],\n",
       "       [50, 51, 52, 53, 54],\n",
       "       [55, 56, 57, 58, 59],\n",
       "       [60, 61, 62, 63, 64],\n",
       "       [65, 66, 67, 68, 69],\n",
       "       [70, 71, 72, 73, 74],\n",
       "       [75, 76, 77, 78, 79],\n",
       "       [80, 81, 82, 83, 84],\n",
       "       [85, 86, 87, 88, 89],\n",
       "       [90, 91, 92, 93, 94],\n",
       "       [95, 96, 97, 98, 99]])"
      ]
     },
     "execution_count": 26,
     "metadata": {},
     "output_type": "execute_result"
    }
   ],
   "source": [
    "numpy_array = numpy.array(range(100))\n",
    "numpy_array = numpy_array.reshape(20,5)\n",
    "numpy_array"
   ]
  },
  {
   "cell_type": "code",
   "execution_count": 27,
   "metadata": {},
   "outputs": [
    {
     "data": {
      "text/plain": [
       "28"
      ]
     },
     "execution_count": 27,
     "metadata": {},
     "output_type": "execute_result"
    }
   ],
   "source": [
    "numpy_array[5,3]"
   ]
  },
  {
   "cell_type": "code",
   "execution_count": 28,
   "metadata": {},
   "outputs": [
    {
     "data": {
      "text/plain": [
       "array([[ 0,  5, 10, 15, 20, 25, 30, 35, 40, 45, 50, 55, 60, 65, 70, 75,\n",
       "        80, 85, 90, 95],\n",
       "       [ 1,  6, 11, 16, 21, 26, 31, 36, 41, 46, 51, 56, 61, 66, 71, 76,\n",
       "        81, 86, 91, 96],\n",
       "       [ 2,  7, 12, 17, 22, 27, 32, 37, 42, 47, 52, 57, 62, 67, 72, 77,\n",
       "        82, 87, 92, 97],\n",
       "       [ 3,  8, 13, 18, 23, 28, 33, 38, 43, 48, 53, 58, 63, 68, 73, 78,\n",
       "        83, 88, 93, 98],\n",
       "       [ 4,  9, 14, 19, 24, 29, 34, 39, 44, 49, 54, 59, 64, 69, 74, 79,\n",
       "        84, 89, 94, 99]])"
      ]
     },
     "execution_count": 28,
     "metadata": {},
     "output_type": "execute_result"
    }
   ],
   "source": [
    "numpy_array.T"
   ]
  },
  {
   "cell_type": "code",
   "execution_count": 29,
   "metadata": {},
   "outputs": [
    {
     "data": {
      "text/plain": [
       "array([[   30,    80,   130,   180,   230,   280,   330,   380,   430,\n",
       "          480,   530,   580,   630,   680,   730,   780,   830,   880,\n",
       "          930,   980],\n",
       "       [   80,   255,   430,   605,   780,   955,  1130,  1305,  1480,\n",
       "         1655,  1830,  2005,  2180,  2355,  2530,  2705,  2880,  3055,\n",
       "         3230,  3405],\n",
       "       [  130,   430,   730,  1030,  1330,  1630,  1930,  2230,  2530,\n",
       "         2830,  3130,  3430,  3730,  4030,  4330,  4630,  4930,  5230,\n",
       "         5530,  5830],\n",
       "       [  180,   605,  1030,  1455,  1880,  2305,  2730,  3155,  3580,\n",
       "         4005,  4430,  4855,  5280,  5705,  6130,  6555,  6980,  7405,\n",
       "         7830,  8255],\n",
       "       [  230,   780,  1330,  1880,  2430,  2980,  3530,  4080,  4630,\n",
       "         5180,  5730,  6280,  6830,  7380,  7930,  8480,  9030,  9580,\n",
       "        10130, 10680],\n",
       "       [  280,   955,  1630,  2305,  2980,  3655,  4330,  5005,  5680,\n",
       "         6355,  7030,  7705,  8380,  9055,  9730, 10405, 11080, 11755,\n",
       "        12430, 13105],\n",
       "       [  330,  1130,  1930,  2730,  3530,  4330,  5130,  5930,  6730,\n",
       "         7530,  8330,  9130,  9930, 10730, 11530, 12330, 13130, 13930,\n",
       "        14730, 15530],\n",
       "       [  380,  1305,  2230,  3155,  4080,  5005,  5930,  6855,  7780,\n",
       "         8705,  9630, 10555, 11480, 12405, 13330, 14255, 15180, 16105,\n",
       "        17030, 17955],\n",
       "       [  430,  1480,  2530,  3580,  4630,  5680,  6730,  7780,  8830,\n",
       "         9880, 10930, 11980, 13030, 14080, 15130, 16180, 17230, 18280,\n",
       "        19330, 20380],\n",
       "       [  480,  1655,  2830,  4005,  5180,  6355,  7530,  8705,  9880,\n",
       "        11055, 12230, 13405, 14580, 15755, 16930, 18105, 19280, 20455,\n",
       "        21630, 22805],\n",
       "       [  530,  1830,  3130,  4430,  5730,  7030,  8330,  9630, 10930,\n",
       "        12230, 13530, 14830, 16130, 17430, 18730, 20030, 21330, 22630,\n",
       "        23930, 25230],\n",
       "       [  580,  2005,  3430,  4855,  6280,  7705,  9130, 10555, 11980,\n",
       "        13405, 14830, 16255, 17680, 19105, 20530, 21955, 23380, 24805,\n",
       "        26230, 27655],\n",
       "       [  630,  2180,  3730,  5280,  6830,  8380,  9930, 11480, 13030,\n",
       "        14580, 16130, 17680, 19230, 20780, 22330, 23880, 25430, 26980,\n",
       "        28530, 30080],\n",
       "       [  680,  2355,  4030,  5705,  7380,  9055, 10730, 12405, 14080,\n",
       "        15755, 17430, 19105, 20780, 22455, 24130, 25805, 27480, 29155,\n",
       "        30830, 32505],\n",
       "       [  730,  2530,  4330,  6130,  7930,  9730, 11530, 13330, 15130,\n",
       "        16930, 18730, 20530, 22330, 24130, 25930, 27730, 29530, 31330,\n",
       "        33130, 34930],\n",
       "       [  780,  2705,  4630,  6555,  8480, 10405, 12330, 14255, 16180,\n",
       "        18105, 20030, 21955, 23880, 25805, 27730, 29655, 31580, 33505,\n",
       "        35430, 37355],\n",
       "       [  830,  2880,  4930,  6980,  9030, 11080, 13130, 15180, 17230,\n",
       "        19280, 21330, 23380, 25430, 27480, 29530, 31580, 33630, 35680,\n",
       "        37730, 39780],\n",
       "       [  880,  3055,  5230,  7405,  9580, 11755, 13930, 16105, 18280,\n",
       "        20455, 22630, 24805, 26980, 29155, 31330, 33505, 35680, 37855,\n",
       "        40030, 42205],\n",
       "       [  930,  3230,  5530,  7830, 10130, 12430, 14730, 17030, 19330,\n",
       "        21630, 23930, 26230, 28530, 30830, 33130, 35430, 37730, 40030,\n",
       "        42330, 44630],\n",
       "       [  980,  3405,  5830,  8255, 10680, 13105, 15530, 17955, 20380,\n",
       "        22805, 25230, 27655, 30080, 32505, 34930, 37355, 39780, 42205,\n",
       "        44630, 47055]])"
      ]
     },
     "execution_count": 29,
     "metadata": {},
     "output_type": "execute_result"
    }
   ],
   "source": [
    "numpy_array @ numpy_array.T"
   ]
  },
  {
   "cell_type": "code",
   "execution_count": 30,
   "metadata": {},
   "outputs": [
    {
     "data": {
      "text/plain": [
       "array([[   30,    80,   130,   180,   230,   280,   330,   380,   430,\n",
       "          480,   530,   580,   630,   680,   730,   780,   830,   880,\n",
       "          930,   980],\n",
       "       [   80,   255,   430,   605,   780,   955,  1130,  1305,  1480,\n",
       "         1655,  1830,  2005,  2180,  2355,  2530,  2705,  2880,  3055,\n",
       "         3230,  3405],\n",
       "       [  130,   430,   730,  1030,  1330,  1630,  1930,  2230,  2530,\n",
       "         2830,  3130,  3430,  3730,  4030,  4330,  4630,  4930,  5230,\n",
       "         5530,  5830],\n",
       "       [  180,   605,  1030,  1455,  1880,  2305,  2730,  3155,  3580,\n",
       "         4005,  4430,  4855,  5280,  5705,  6130,  6555,  6980,  7405,\n",
       "         7830,  8255],\n",
       "       [  230,   780,  1330,  1880,  2430,  2980,  3530,  4080,  4630,\n",
       "         5180,  5730,  6280,  6830,  7380,  7930,  8480,  9030,  9580,\n",
       "        10130, 10680],\n",
       "       [  280,   955,  1630,  2305,  2980,  3655,  4330,  5005,  5680,\n",
       "         6355,  7030,  7705,  8380,  9055,  9730, 10405, 11080, 11755,\n",
       "        12430, 13105],\n",
       "       [  330,  1130,  1930,  2730,  3530,  4330,  5130,  5930,  6730,\n",
       "         7530,  8330,  9130,  9930, 10730, 11530, 12330, 13130, 13930,\n",
       "        14730, 15530],\n",
       "       [  380,  1305,  2230,  3155,  4080,  5005,  5930,  6855,  7780,\n",
       "         8705,  9630, 10555, 11480, 12405, 13330, 14255, 15180, 16105,\n",
       "        17030, 17955],\n",
       "       [  430,  1480,  2530,  3580,  4630,  5680,  6730,  7780,  8830,\n",
       "         9880, 10930, 11980, 13030, 14080, 15130, 16180, 17230, 18280,\n",
       "        19330, 20380],\n",
       "       [  480,  1655,  2830,  4005,  5180,  6355,  7530,  8705,  9880,\n",
       "        11055, 12230, 13405, 14580, 15755, 16930, 18105, 19280, 20455,\n",
       "        21630, 22805],\n",
       "       [  530,  1830,  3130,  4430,  5730,  7030,  8330,  9630, 10930,\n",
       "        12230, 13530, 14830, 16130, 17430, 18730, 20030, 21330, 22630,\n",
       "        23930, 25230],\n",
       "       [  580,  2005,  3430,  4855,  6280,  7705,  9130, 10555, 11980,\n",
       "        13405, 14830, 16255, 17680, 19105, 20530, 21955, 23380, 24805,\n",
       "        26230, 27655],\n",
       "       [  630,  2180,  3730,  5280,  6830,  8380,  9930, 11480, 13030,\n",
       "        14580, 16130, 17680, 19230, 20780, 22330, 23880, 25430, 26980,\n",
       "        28530, 30080],\n",
       "       [  680,  2355,  4030,  5705,  7380,  9055, 10730, 12405, 14080,\n",
       "        15755, 17430, 19105, 20780, 22455, 24130, 25805, 27480, 29155,\n",
       "        30830, 32505],\n",
       "       [  730,  2530,  4330,  6130,  7930,  9730, 11530, 13330, 15130,\n",
       "        16930, 18730, 20530, 22330, 24130, 25930, 27730, 29530, 31330,\n",
       "        33130, 34930],\n",
       "       [  780,  2705,  4630,  6555,  8480, 10405, 12330, 14255, 16180,\n",
       "        18105, 20030, 21955, 23880, 25805, 27730, 29655, 31580, 33505,\n",
       "        35430, 37355],\n",
       "       [  830,  2880,  4930,  6980,  9030, 11080, 13130, 15180, 17230,\n",
       "        19280, 21330, 23380, 25430, 27480, 29530, 31580, 33630, 35680,\n",
       "        37730, 39780],\n",
       "       [  880,  3055,  5230,  7405,  9580, 11755, 13930, 16105, 18280,\n",
       "        20455, 22630, 24805, 26980, 29155, 31330, 33505, 35680, 37855,\n",
       "        40030, 42205],\n",
       "       [  930,  3230,  5530,  7830, 10130, 12430, 14730, 17030, 19330,\n",
       "        21630, 23930, 26230, 28530, 30830, 33130, 35430, 37730, 40030,\n",
       "        42330, 44630],\n",
       "       [  980,  3405,  5830,  8255, 10680, 13105, 15530, 17955, 20380,\n",
       "        22805, 25230, 27655, 30080, 32505, 34930, 37355, 39780, 42205,\n",
       "        44630, 47055]])"
      ]
     },
     "execution_count": 30,
     "metadata": {},
     "output_type": "execute_result"
    }
   ],
   "source": [
    "numpy.matmul(numpy_array, numpy_array.T)"
   ]
  },
  {
   "cell_type": "markdown",
   "metadata": {},
   "source": [
    "# indexing"
   ]
  },
  {
   "cell_type": "code",
   "execution_count": 31,
   "metadata": {},
   "outputs": [
    {
     "data": {
      "text/plain": [
       "array([191, 172, 405, 311,  93, 213, 269, 184, 487, 290, 462,  47, 192,\n",
       "       148, 318, 342, 113, 322, 275, 420, 195, 138,  29, 234, 136, 196,\n",
       "       332, 401, 248, 363, 158, 211, 364, 344,  75, 450,  45, 324, 373,\n",
       "       120, 466, 111, 453, 354, 442, 162, 426,  53, 326,  59, 363, 204,\n",
       "       208, 311, 415,  27, 156, 121, 163, 347, 260, 150, 442, 378, 182,\n",
       "       155, 137,  45, 465, 333, 448, 407, 235, 235,  99, 485,  95, 373,\n",
       "       103, 466, 415,  63, 206, 393, 121, 124, 254,  31, 402,  92,  50,\n",
       "       420,  92, 298, 394,  46, 383, 302,  91, 172, 405, 349, 369,  72,\n",
       "       219, 114,  48,  31, 155, 449,  34, 354, 199, 289, 391, 121, 238,\n",
       "       154, 255, 149,  69, 352, 379, 134, 255, 184, 440, 100, 114, 274,\n",
       "       360, 304, 364, 315,  31, 418, 233, 128, 304, 344, 110, 336, 112,\n",
       "       437, 314,  38, 446, 108,  21, 466, 342, 303, 184, 262, 491, 381,\n",
       "       453, 363, 168, 349, 109, 446, 107, 255, 438,  29, 473, 393, 352,\n",
       "       446, 410, 254, 350, 180,  26, 199, 263, 138, 164, 306, 151, 388,\n",
       "        67, 276, 285, 145,  80, 363, 416, 164,  43, 441, 187, 456, 389,\n",
       "       317, 150, 401, 139,  72])"
      ]
     },
     "execution_count": 31,
     "metadata": {},
     "output_type": "execute_result"
    }
   ],
   "source": [
    "example_array = numpy.random.randint(20, 500, 200)\n",
    "example_array"
   ]
  },
  {
   "cell_type": "code",
   "execution_count": 32,
   "metadata": {},
   "outputs": [
    {
     "data": {
      "text/plain": [
       "array([False, False,  True,  True, False,  True,  True, False,  True,\n",
       "        True,  True, False, False, False,  True,  True, False,  True,\n",
       "        True,  True, False, False, False,  True, False, False,  True,\n",
       "        True,  True,  True, False,  True,  True,  True, False,  True,\n",
       "       False,  True,  True, False,  True, False,  True,  True,  True,\n",
       "       False,  True, False,  True, False,  True,  True,  True,  True,\n",
       "        True, False, False, False, False,  True,  True, False,  True,\n",
       "        True, False, False, False, False,  True,  True,  True,  True,\n",
       "        True,  True, False,  True, False,  True, False,  True,  True,\n",
       "       False,  True,  True, False, False,  True, False,  True, False,\n",
       "       False,  True, False,  True,  True, False,  True,  True, False,\n",
       "       False,  True,  True,  True, False,  True, False, False, False,\n",
       "       False,  True, False,  True, False,  True,  True, False,  True,\n",
       "       False,  True, False, False,  True,  True, False,  True, False,\n",
       "        True, False, False,  True,  True,  True,  True,  True, False,\n",
       "        True,  True, False,  True,  True, False,  True, False,  True,\n",
       "        True, False,  True, False, False,  True,  True,  True, False,\n",
       "        True,  True,  True,  True,  True, False,  True, False,  True,\n",
       "       False,  True,  True, False,  True,  True,  True,  True,  True,\n",
       "        True,  True, False, False, False,  True, False, False,  True,\n",
       "       False,  True, False,  True,  True, False, False,  True,  True,\n",
       "       False, False,  True, False,  True,  True,  True, False,  True,\n",
       "       False, False])"
      ]
     },
     "execution_count": 32,
     "metadata": {},
     "output_type": "execute_result"
    }
   ],
   "source": [
    "example_array > 200"
   ]
  },
  {
   "cell_type": "code",
   "execution_count": 33,
   "metadata": {},
   "outputs": [
    {
     "data": {
      "text/plain": [
       "array([405, 311, 213, 269, 487, 290, 462, 318, 342, 322, 275, 420, 234,\n",
       "       332, 401, 248, 363, 211, 364, 344, 450, 324, 373, 466, 453, 354,\n",
       "       442, 426, 326, 363, 204, 208, 311, 415, 347, 260, 442, 378, 465,\n",
       "       333, 448, 407, 235, 235, 485, 373, 466, 415, 206, 393, 254, 402,\n",
       "       420, 298, 394, 383, 302, 405, 349, 369, 219, 449, 354, 289, 391,\n",
       "       238, 255, 352, 379, 255, 440, 274, 360, 304, 364, 315, 418, 233,\n",
       "       304, 344, 336, 437, 314, 446, 466, 342, 303, 262, 491, 381, 453,\n",
       "       363, 349, 446, 255, 438, 473, 393, 352, 446, 410, 254, 350, 263,\n",
       "       306, 388, 276, 285, 363, 416, 441, 456, 389, 317, 401])"
      ]
     },
     "execution_count": 33,
     "metadata": {},
     "output_type": "execute_result"
    }
   ],
   "source": [
    "example_array[example_array > 200]"
   ]
  },
  {
   "cell_type": "code",
   "execution_count": 34,
   "metadata": {},
   "outputs": [
    {
     "data": {
      "text/plain": [
       "array([172, 184, 290, 462, 192, 148, 318, 342, 322, 420, 138, 234, 136,\n",
       "       196, 332, 248, 158, 364, 344, 450, 324, 120, 466, 354, 442, 162,\n",
       "       426, 326, 204, 208, 156, 260, 150, 442, 378, 182, 448, 466, 206,\n",
       "       124, 254, 402,  92,  50, 420,  92, 298, 394,  46, 302, 172,  72,\n",
       "       114,  48,  34, 354, 238, 154, 352, 134, 184, 440, 100, 114, 274,\n",
       "       360, 304, 364, 418, 128, 304, 344, 110, 336, 112, 314,  38, 446,\n",
       "       108, 466, 342, 184, 262, 168, 446, 438, 352, 446, 410, 254, 350,\n",
       "       180,  26, 138, 164, 306, 388, 276,  80, 416, 164, 456, 150,  72])"
      ]
     },
     "execution_count": 34,
     "metadata": {},
     "output_type": "execute_result"
    }
   ],
   "source": [
    "example_array[example_array % 2 == 0]"
   ]
  },
  {
   "cell_type": "markdown",
   "metadata": {},
   "source": [
    "# atributes, methods and functions"
   ]
  },
  {
   "cell_type": "markdown",
   "metadata": {},
   "source": [
    "When you want to check for the available attributes, methods or functions you can press `<TAB>` after writing the module name or the object.\n",
    "\n",
    "`numpy.<TAB>`\n",
    "\n",
    "If you want to check the details of a function parameters you can press `<Shift + TAB>` when inside the function.\n",
    "\n",
    "`numpy.random.normal(<Shift + TAB>)`"
   ]
  },
  {
   "cell_type": "code",
   "execution_count": 35,
   "metadata": {},
   "outputs": [],
   "source": [
    "example_array = numpy.random.normal(20, 5, 1000)"
   ]
  },
  {
   "cell_type": "code",
   "execution_count": 36,
   "metadata": {},
   "outputs": [
    {
     "data": {
      "text/plain": [
       "<matplotlib.axes._subplots.AxesSubplot at 0x1a1d1b5090>"
      ]
     },
     "execution_count": 36,
     "metadata": {},
     "output_type": "execute_result"
    },
    {
     "data": {
